100
2 2 1
3 3 1
4 2 1
4 4 2
5 5 1
6 2 3
6 3 2
6 6 3
7 7 1
8 2 1
8 4 2
8 8 4
9 3 1
9 9 3
10 2 5
10 5 2
10 10 5
11 11 1
12 2 3
12 3 4
12 4 6
12 6 4
12 12 6
13 13 1
14 2 7
14 7 2
14 14 7
15 3 5
15 5 3
15 15 5
16 2 1
16 4 2
16 8 4
16 16 8
17 17 1
18 2 9
18 3 2
18 6 9
18 9 6
18 18 9
19 19 1
20 2 5
20 4 10
20 5 4
20 10 5
20 20 10
21 3 7
21 7 3
21 21 7
22 2 11
22 11 2
22 22 11
23 23 1
24 2 3
24 3 8
24 4 6
24 6 8
24 8 12
24 12 8
24 24 12
25 5 1
25 25 5
26 2 13
26 13 2
26 26 13
27 3 1
27 9 3
27 27 9
28 2 7
28 4 14
28 7 4
28 14 7
28 28 14
29 29 1
30 2 15
30 3 10
30 5 6
30 6 15
30 10 15
30 15 10
30 30 15
31 31 1
32 2 1
32 4 2
32 8 4
32 16 8
32 32 16
33 3 11
33 11 3
33 33 11
34 2 17
34 17 2
34 34 17
35 5 7
35 7 5
35 35 7
36 2 9
36 3 4
36 4 18
36 6 9
36 9 12
36 12 18
36 18 12
36 36 18
37 37 1
38 2 19
38 19 2
38 38 19
39 3 13
39 13 3
39 39 13
40 2 5
40 4 10
40 5 8
40 8 20
40 10 8
40 20 10
40 40 20
41 41 1
42 2 21
42 3 14
42 6 21
42 7 6
42 14 21
42 21 14
42 42 21
43 43 1
44 2 11
44 4 22
44 11 4
44 22 11
44 44 22
45 3 5
45 5 9
45 9 15
45 15 9
45 45 15
46 2 23
46 23 2
46 46 23
47 47 1
48 2 3
48 3 16
48 4 6
48 6 16
48 8 12
48 12 16
48 16 24
48 24 16
48 48 24
49 7 1
49 49 7
50 2 25
50 5 2
50 10 25
50 25 10
50 50 25
51 3 17
51 17 3
51 51 17
52 2 13
52 4 26
52 13 4
52 26 13
52 52 26
53 53 1
54 2 27
54 3 2
54 6 27
54 9 6
54 18 27
54 27 18
54 54 27
55 5 11
55 11 5
55 55 11
56 2 7
56 4 14
56 7 8
56 8 28
56 14 8
56 28 14
56 56 28
57 3 19
57 19 3
57 57 19
58 2 29
58 29 2
58 58 29
59 59 1
60 2 15
60 3 20
60 4 30
60 5 12
60 6 20
60 10 15
60 12 30
60 15 20
60 20 30
60 30 20
60 60 30
61 61 1
62 2 31
62 31 2
62 62 31
63 3 7
63 7 9
63 9 21
63 21 9
63 63 21
64 2 1
64 4 2
64 8 4
64 16 8
64 32 16
64 64 32
65 5 13
65 13 5
65 65 13
66 2 33
66 3 22
66 6 33
66 11 6
66 22 33
66 33 22
66 66 33
67 67 1
68 2 17
68 4 34
68 17 4
68 34 17
68 68 34
69 3 23
69 23 3
69 69 23
70 2 35
70 5 14
70 7 10
70 10 35
70 14 35
70 35 14
70 70 35
71 71 1
72 2 9
72 3 8
72 4 18
72 6 9
72 8 36
72 9 24
72 12 18
72 18 24
72 24 36
72 36 24
72 72 36
73 73 1
74 2 37
74 37 2
74 74 37
75 3 25
75 5 3
75 15 25
75 25 15
75 75 25
76 2 19
76 4 38
76 19 4
76 38 19
76 76 38
77 7 11
77 11 7
77 77 11
78 2 39
78 3 26
78 6 39
78 13 6
78 26 39
78 39 26
78 78 39
79 79 1
80 2 5
80 4 10
80 5 16
80 8 20
80 10 16
80 16 40
80 20 16
80 40 20
80 80 40
81 3 1
81 9 3
81 27 9
81 81 27
82 2 41
82 41 2
82 82 41
83 83 1
84 2 21
84 3 28
84 4 42
84 6 28
84 7 12
84 12 42
84 14 21
84 21 28
84 28 42
84 42 28
84 84 42
85 5 17
85 17 5
85 85 17
86 2 43
86 43 2
86 86 43
87 3 29
87 29 3
87 87 29
88 2 11
88 4 22
88 8 44
88 11 8
88 22 11
88 44 22
88 88 44
89 89 1
90 2 45
90 3 10
90 5 18
90 6 45
90 9 30
90 10 45
90 15 18
90 18 45
90 30 45
90 45 30
90 90 45
91 7 13
91 13 7
91 91 13
92 2 23
92 4 46
92 23 4
92 46 23
92 92 46
93 3 31
93 31 3
93 93 31
94 2 47
94 47 2
94 94 47
95 5 19
95 19 5
95 95 19
96 2 3
96 3 32
96 4 6
96 6 32
96 8 12
96 12 32
96 16 24
96 24 32
96 32 48
96 48 32
96 96 48
97 97 1
98 2 49
98 7 2
98 14 49
98 49 14
98 98 49
99 3 11
99 9 33
99 11 9
99 33 11
99 99 33
100 2 25
100 4 50
100 5 4
100 10 25
100 20 50
100 25 20
100 50 25
100 100 50
101 101 1
102 2 51
102 3 34
102 6 51
102 17 6
102 34 51
102 51 34
102 102 51
103 103 1
104 2 13
104 4 26
104 8 52
104 13 8
104 26 13
104 52 26
104 104 52
105 3 35
105 5 21
105 7 15
105 15 35
105 21 35
105 35 21
105 105 35
106 2 53
106 53 2
106 106 53
107 107 1
108 2 27
108 3 4
108 4 54
108 6 27
108 9 12
108 12 54
108 18 27
108 27 36
108 36 54
108 54 36
108 108 54
109 109 1
110 2 55
110 5 22
110 10 55
110 11 10
110 22 55
110 55 22
110 110 55
111 3 37
111 37 3
111 111 37
112 2 7
112 4 14
112 7 16
112 8 28
112 14 16
112 16 56
112 28 16
112 56 28
112 112 56
113 113 1
114 2 57
114 3 38
114 6 57
114 19 6
114 38 57
114 57 38
114 114 57
115 5 23
115 23 5
115 115 23
116 2 29
116 4 58
116 29 4
116 58 29
116 116 58
117 3 13
117 9 39
117 13 9
117 39 13
117 117 39
118 2 59
118 59 2
118 118 59
119 7 17
119 17 7
119 119 17
120 2 15
120 3 40
120 4 30
120 5 24
120 6 40
120 8 60
120 10 24
120 12 40
120 15 40
120 20 30
120 24 60
120 30 40
120 40 60
120 60 40
120 120 60
121 11 1
121 121 11
122 2 61
122 61 2
122 122 61
123 3 41
123 41 3
123 123 41
124 2 31
124 4 62
124 31 4
124 62 31
124 124 62
125 5 1
125 25 5
125 125 25
126 2 63
126 3 14
126 6 63
126 7 18
126 9 42
126 14 63
126 18 63
126 21 18
126 42 63
126 63 42
126 126 63
127 127 1
128 2 1
128 4 2
128 8 4
128 16 8
128 32 16
128 64 32
128 128 64
129 3 43
129 43 3
129 129 43
130 2 65
130 5 26
130 10 65
130 13 10
130 26 65
130 65 26
130 130 65
131 131 1
132 2 33
132 3 44
132 4 66
132 6 44
132 11 12
132 12 66
132 22 33
132 33 44
132 44 66
132 66 44
132 132 66
133 7 19
133 19 7
133 133 19
134 2 67
134 67 2
134 134 67
135 3 5
135 5 27
135 9 15
135 15 27
135 27 45
135 45 27
135 135 45
136 2 17
136 4 34
136 8 68
136 17 8
136 34 17
136 68 34
136 136 68
137 137 1
138 2 69
138 3 46
138 6 69
138 23 6
138 46 69
138 69 46
138 138 69
139 139 1
140 2 35
140 4 70
140 5 28
140 7 20
140 10 35
140 14 35
140 20 70
140 28 70
140 35 28
140 70 35
140 140 70
141 3 47
141 47 3
141 141 47
142 2 71
142 71 2
142 142 71
143 11 13
143 13 11
143 143 13
144 2 9
144 3 16
144 4 18
144 6 16
144 8 36
144 9 48
144 12 18
144 16 72
144 18 48
144 24 36
144 36 48
144 48 72
144 72 48
144 144 72
145 5 29
145 29 5
145 145 29
146 2 73
146 73 2
146 146 73
147 3 49
147 7 3
147 21 49
147 49 21
147 147 49
148 2 37
148 4 74
148 37 4
148 74 37
148 148 74
149 149 1
150 2 75
150 3 50
150 5 6
150 6 75
150 10 75
150 15 50
150 25 30
150 30 75
150 50 75
150 75 50
150 150 75
151 151 1
152 2 19
152 4 38
152 8 76
152 19 8
152 38 19
152 76 38
152 152 76
153 3 17
153 9 51
153 17 9
153 51 17
153 153 51
154 2 77
154 7 22
154 11 14
154 14 77
154 22 77
154 77 22
154 154 77
155 5 31
155 31 5
155 155 31
156 2 39
156 3 52
156 4 78
156 6 52
156 12 78
156 13 12
156 26 39
156 39 52
156 52 78
156 78 52
156 156 78
157 157 1
158 2 79
158 79 2
158 158 79
159 3 53
159 53 3
159 159 53
160 2 5
160 4 10
160 5 32
160 8 20
160 10 32
160 16 40
160 20 32
160 32 80
160 40 32
160 80 40
160 160 80
161 7 23
161 23 7
161 161 23
162 2 81
162 3 2
162 6 81
162 9 6
162 18 81
162 27 18
162 54 81
162 81 54
162 162 81
163 163 1
164 2 41
164 4 82
164 41 4
164 82 41
164 164 82
165 3 55
165 5 33
165 11 15
165 15 55
165 33 55
165 55 33
165 165 55
166 2 83
166 83 2
166 166 83
167 167 1
168 2 21
168 3 56
168 4 42
168 6 56
168 7 24
168 8 84
168 12 56
168 14 24
168 21 56
168 24 84
168 28 42
168 42 56
168 56 84
168 84 56
168 168 84
169 13 1
169 169 13
170 2 85
170 5 34
170 10 85
170 17 10
170 34 85
170 85 34
170 170 85
171 3 19
171 9 57
171 19 9
171 57 19
171 171 57
172 2 43
172 4 86
172 43 4
172 86 43
172 172 86
173 173 1
174 2 87
174 3 58
174 6 87
174 29 6
174 58 87
174 87 58
174 174 87
175 5 7
175 7 25
175 25 35
175 35 25
175 175 35
176 2 11
176 4 22
176 8 44
176 11 16
176 16 88
176 22 16
176 44 22
176 88 44
176 176 88
177 3 59
177 59 3
177 177 59
178 2 89
178 89 2
178 178 89
179 179 1
180 2 45
180 3 20
180 4 90
180 5 36
180 6 45
180 9 60
180 10 45
180 12 90
180 15 36
180 18 60
180 20 90
180 30 45
180 36 90
180 45 60
180 60 90
180 90 60
180 180 90
181 181 1
182 2 91
182 7 26
182 13 14
182 14 91
182 26 91
182 91 26
182 182 91
183 3 61
183 61 3
183 183 61
184 2 23
184 4 46
184 8 92
184 23 8
184 46 23
184 92 46
184 184 92
185 5 37
185 37 5
185 185 37
186 2 93
186 3 62
186 6 93
186 31 6
186 62 93
186 93 62
186 186 93
187 11 17
187 17 11
187 187 17
188 2 47
188 4 94
188 47 4
188 94 47
188 188 94
189 3 7
189 7 27
189 9 21
189 21 27
189 27 63
189 63 27
189 189 63
190 2 95
190 5 38
190 10 95
190 19 10
190 38 95
190 95 38
190 190 95
191 191 1
192 2 3
192 3 64
192 4 6
192 6 64
192 8 12
192 12 64
192 16 24
192 24 64
192 32 48
192 48 64
192 64 96
192 96 64
192 192 96
193 193 1
194 2 97
194 97 2
194 194 97
195 3 65
195 5 39
195 13 15
195 15 65
195 39 65
195 65 39
195 195 65
196 2 49
196 4 98
196 7 4
196 14 49
196 28 98
196 49 28
196 98 49
196 196 98
197 197 1
198 2 99
198 3 22
198 6 99
198 9 66
198 11 18
198 18 99
198 22 99
198 33 22
198 66 99
198 99 66
198 198 99
199 199 1
200 2 25
200 4 50
200 5 8
200 8 100
200 10 25
200 20 50
200 25 40
200 40 100
200 50 40
200 100 50
200 200 100
201 3 67
201 67 3
201 201 67
202 2 101
202 101 2
202 202 101
203 7 29
203 29 7
203 203 29
204 2 51
204 3 68
204 4 102
204 6 68
204 12 102
204 17 12
204 34 51
204 51 68
204 68 102
204 102 68
204 204 102
205 5 41
205 41 5
205 205 41
206 2 103
206 103 2
206 206 103
207 3 23
207 9 69
207 23 9
207 69 23
207 207 69
208 2 13
208 4 26
208 8 52
208 13 16
208 16 104
208 26 16
208 52 26
208 104 52
208 208 104
209 11 19
209 19 11
209 209 19
210 2 105
210 3 70
210 5 42
210 6 105
210 7 30
210 10 105
210 14 105
210 15 70
210 21 70
210 30 105
210 35 42
210 42 105
210 70 105
210 105 70
210 210 105
211 211 1
212 2 53
212 4 106
212 53 4
212 106 53
212 212 106
213 3 71
213 71 3
213 213 71
214 2 107
214 107 2
214 214 107
215 5 43
215 43 5
215 215 43
216 2 27
216 3 8
216 4 54
216 6 27
216 8 108
216 9 24
216 12 54
216 18 27
216 24 108
216 27 72
216 36 54
216 54 72
216 72 108
216 108 72
216 216 108
217 7 31
217 31 7
217 217 31
218 2 109
218 109 2
218 218 109
219 3 73
219 73 3
219 219 73
220 2 55
220 4 110
220 5 44
220 10 55
220 11 20
220 20 110
220 22 55
220 44 110
220 55 44
220 110 55
220 220 110
221 13 17
221 17 13
221 221 17
222 2 111
222 3 74
222 6 111
222 37 6
222 74 111
222 111 74
222 222 111
223 223 1
224 2 7
224 4 14
224 7 32
224 8 28
224 14 32
224 16 56
224 28 32
224 32 112
224 56 32
224 112 56
224 224 112
225 3 25
225 5 9
225 9 75
225 15 25
225 25 45
225 45 75
225 75 45
225 225 75
226 2 113
226 113 2
226 226 113
227 227 1
228 2 57
228 3 76
228 4 114
228 6 76
228 12 114
228 19 12
228 38 57
228 57 76
228 76 114
228 114 76
228 228 114
229 229 1
230 2 115
230 5 46
230 10 115
230 23 10
230 46 115
230 115 46
230 230 115
231 3 77
231 7 33
231 11 21
231 21 77
231 33 77
231 77 33
231 231 77
232 2 29
232 4 58
232 8 116
232 29 8
232 58 29
232 116 58
232 232 116
233 233 1
234 2 117
234 3 26
234 6 117
234 9 78
234 13 18
234 18 117
234 26 117
234 39 26
234 78 117
234 117 78
234 234 117
235 5 47
235 47 5
235 235 47
236 2 59
236 4 118
236 59 4
236 118 59
236 236 118
237 3 79
237 79 3
237 237 79
238 2 119
238 7 34
238 14 119
238 17 14
238 34 119
238 119 34
238 238 119
239 239 1
240 2 15
240 3 80
240 4 30
240 5 48
240 6 80
240 8 60
240 10 48
240 12 80
240 15 80
240 16 120
240 20 48
240 24 80
240 30 80
240 40 60
240 48 120
240 60 80
240 80 120
240 120 80
240 240 120
241 241 1
242 2 121
242 11 2
242 22 121
242 121 22
242 242 121
243 3 1
243 9 3
243 27 9
243 81 27
243 243 81
244 2 61
244 4 122
244 61 4
244 122 61
244 244 122
245 5 49
245 7 5
245 35 49
245 49 35
245 245 49
246 2 123
246 3 82
246 6 123
246 41 6
246 82 123
246 123 82
246 246 123
247 13 19
247 19 13
247 247 19
248 2 31
248 4 62
248 8 124
248 31 8
248 62 31
248 124 62
248 248 124
249 3 83
249 83 3
249 249 83
250 2 125
250 5 2
250 10 125
250 25 10
250 50 125
250 125 50
250 250 125
251 251 1
252 2 63
252 3 28
252 4 126
252 6 63
252 7 36
252 9 84
252 12 126
252 14 63
252 18 84
252 21 36
252 28 126
252 36 126
252 42 63
252 63 84
252 84 126
252 126 84
252 252 126
253 11 23
253 23 11
253 253 23
254 2 127
254 127 2
254 254 127
255 3 85
255 5 51
255 15 85
255 17 15
255 51 85
255 85 51
255 255 85
256 2 1
256 4 2
256 8 4
256 16 8
256 32 16
256 64 32
256 128 64
256 256 128
257 257 1
258 2 129
258 3 86
258 6 129
258 43 6
258 86 129
258 129 86
258 258 129
259 7 37
259 37 7
259 259 37
260 2 65
260 4 130
260 5 52
260 10 65
260 13 20
260 20 130
260 26 65
260 52 130
260 65 52
260 130 65
260 260 130
261 3 29
261 9 87
261 29 9
261 87 29
261 261 87
262 2 131
262 131 2
262 262 131
263 263 1
264 2 33
264 3 88
264 4 66
264 6 88
264 8 132
264 11 24
264 12 88
264 22 33
264 24 132
264 33 88
264 44 66
264 66 88
264 88 132
264 132 88
264 264 132
265 5 53
265 53 5
265 265 53
266 2 133
266 7 38
266 14 133
266 19 14
266 38 133
266 133 38
266 266 133
267 3 89
267 89 3
267 267 89
268 2 67
268 4 134
268 67 4
268 134 67
268 268 134
269 269 1
270 2 135
270 3 10
270 5 54
270 6 135
270 9 30
270 10 135
270 15 54
270 18 135
270 27 90
270 30 135
270 45 54
270 54 135
270 90 135
270 135 90
270 270 135
271 271 1
272 2 17
272 4 34
272 8 68
272 16 136
272 17 16
272 34 17
272 68 34
272 136 68
272 272 136
273 3 91
273 7 39
273 13 21
273 21 91
273 39 91
273 91 39
273 273 91
274 2 137
274 137 2
274 274 137
275 5 11
275 11 25
275 25 55
275 55 25
275 275 55
276 2 69
276 3 92
276 4 138
276 6 92
276 12 138
276 23 12
276 46 69
276 69 92
276 92 138
276 138 92
276 276 138
277 277 1
278 2 139
278 139 2
278 278 139
279 3 31
279 9 93
279 31 9
279 93 31
279 279 93
280 2 35
280 4 70
280 5 56
280 7 40
280 8 140
280 10 56
280 14 40
280 20 70
280 28 70
280 35 56
280 40 140
280 56 140
280 70 56
280 140 70
280 280 140
281 281 1
282 2 141
282 3 94
282 6 141
282 47 6
282 94 141
282 141 94
282 282 141
283 283 1
284 2 71
284 4 142
284 71 4
284 142 71
284 284 142
285 3 95
285 5 57
285 15 95
285 19 15
285 57 95
285 95 57
285 285 95
286 2 143
286 11 26
286 13 22
286 22 143
286 26 143
286 143 26
286 286 143
287 7 41
287 41 7
287 287 41
288 2 9
288 3 32
288 4 18
288 6 32
288 8 36
288 9 96
288 12 32
288 16 72
288 18 96
288 24 36
288 32 144
288 36 96
288 48 72
288 72 96
288 96 144
288 144 96
288 288 144
289 17 1
289 289 17
290 2 145
290 5 58
290 10 145
290 29 10
290 58 145
290 145 58
290 290 145
291 3 97
291 97 3
291 291 97
292 2 73
292 4 146
292 73 4
292 146 73
292 292 146
293 293 1
294 2 147
294 3 98
294 6 147
294 7 6
294 14 147
294 21 98
294 42 147
294 49 42
294 98 147
294 147 98
294 294 147
295 5 59
295 59 5
295 295 59
296 2 37
296 4 74
296 8 148
296 37 8
296 74 37
296 148 74
296 296 148
297 3 11
297 9 33
297 11 27
297 27 99
297 33 27
297 99 33
297 297 99
298 2 149
298 149 2
298 298 149
299 13 23
299 23 13
299 299 23
300 2 75
300 3 100
300 4 150
300 5 12
300 6 100
300 10 75
300 12 150
300 15 100
300 20 150
300 25 60
300 30 100
300 50 75
300 60 150
300 75 100
300 100 150
300 150 100
300 300 150
301 7 43
301 43 7
301 301 43
302 2 151
302 151 2
302 302 151
303 3 101
303 101 3
303 303 101
304 2 19
304 4 38
304 8 76
304 16 152
304 19 16
304 38 19
304 76 38
304 152 76
304 304 152
305 5 61
305 61 5
305 305 61
306 2 153
306 3 34
306 6 153
306 9 102
306 17 18
306 18 153
306 34 153
306 51 34
306 102 153
306 153 102
306 306 153
307 307 1
308 2 77
308 4 154
308 7 44
308 11 28
308 14 77
308 22 77
308 28 154
308 44 154
308 77 44
308 154 77
308 308 154
309 3 103
309 103 3
309 309 103
310 2 155
310 5 62
310 10 155
310 31 10
310 62 155
310 155 62
310 310 155
311 311 1
312 2 39
312 3 104
312 4 78
312 6 104
312 8 156
312 12 104
312 13 24
312 24 156
312 26 39
312 39 104
312 52 78
312 78 104
312 104 156
312 156 104
312 312 156
313 313 1
314 2 157
314 157 2
314 314 157
315 3 35
315 5 63
315 7 45
315 9 105
315 15 63
315 21 45
315 35 63
315 45 105
315 63 105
315 105 63
315 315 105
316 2 79
316 4 158
316 79 4
316 158 79
316 316 158
317 317 1
318 2 159
318 3 106
318 6 159
318 53 6
318 106 159
318 159 106
318 318 159
319 11 29
319 29 11
319 319 29
320 2 5
320 4 10
320 5 64
320 8 20
320 10 64
320 16 40
320 20 64
320 32 80
320 40 64
320 64 160
320 80 64
320 160 80
320 320 160
321 3 107
321 107 3
321 321 107
322 2 161
322 7 46
322 14 161
322 23 14
322 46 161
322 161 46
322 322 161
323 17 19
323 19 17
323 323 19
324 2 81
324 3 4
324 4 162
324 6 81
324 9 12
324 12 162
324 18 81
324 27 36
324 36 162
324 54 81
324 81 108
324 108 162
324 162 108
324 324 162
325 5 13
325 13 25
325 25 65
325 65 25
325 325 65
326 2 163
326 163 2
326 326 163
327 3 109
327 109 3
327 327 109
328 2 41
328 4 82
328 8 164
328 41 8
328 82 41
328 164 82
328 328 164
329 7 47
329 47 7
329 329 47
330 2 165
330 3 110
330 5 66
330 6 165
330 10 165
330 11 30
330 15 110
330 22 165
330 30 165
330 33 110
330 55 66
330 66 165
330 110 165
330 165 110
330 330 165
331 331 1
332 2 83
332 4 166
332 83 4
332 166 83
332 332 166
333 3 37
333 9 111
333 37 9
333 111 37
333 333 111
334 2 167
334 167 2
334 334 167
335 5 67
335 67 5
335 335 67
336 2 21
336 3 112
336 4 42
336 6 112
336 7 48
336 8 84
336 12 112
336 14 48
336 16 168
336 21 112
336 24 112
336 28 48
336 42 112
336 48 168
336 56 84
336 84 112
336 112 168
336 168 112
336 336 168
337 337 1
338 2 169
338 13 2
338 26 169
338 169 26
338 338 169
339 3 113
339 113 3
339 339 113
340 2 85
340 4 170
340 5 68
340 10 85
340 17 20
340 20 170
340 34 85
340 68 170
340 85 68
340 170 85
340 340 170
341 11 31
341 31 11
341 341 31
342 2 171
342 3 38
342 6 171
342 9 114
342 18 171
342 19 18
342 38 171
342 57 38
342 114 171
342 171 114
342 342 171
343 7 1
343 49 7
343 343 49
344 2 43
344 4 86
344 8 172
344 43 8
344 86 43
344 172 86
344 344 172
345 3 115
345 5 69
345 15 115
345 23 15
345 69 115
345 115 69
345 345 115
346 2 173
346 173 2
346 346 173
347 347 1
348 2 87
348 3 116
348 4 174
348 6 116
348 12 174
348 29 12
348 58 87
348 87 116
348 116 174
348 174 116
348 348 174
349 349 1
350 2 175
350 5 14
350 7 50
350 10 175
350 14 175
350 25 70
350 35 50
350 50 175
350 70 175
350 175 70
350 350 175
351 3 13
351 9 39
351 13 27
351 27 117
351 39 27
351 117 39
351 351 117
352 2 11
352 4 22
352 8 44
352 11 32
352 16 88
352 22 32
352 32 176
352 44 32
352 88 44
352 176 88
352 352 176
353 353 1
354 2 177
354 3 118
354 6 177
354 59 6
354 118 177
354 177 118
354 354 177
355 5 71
355 71 5
355 355 71
356 2 89
356 4 178
356 89 4
356 178 89
356 356 178
357 3 119
357 7 51
357 17 21
357 21 119
357 51 119
357 119 51
357 357 119
358 2 179
358 179 2
358 358 179
359 359 1
360 2 45
360 3 40
360 4 90
360 5 72
360 6 45
360 8 180
360 9 120
360 10 72
360 12 90
360 15 72
360 18 120
360 20 90
360 24 180
360 30 72
360 36 120
360 40 180
360 45 120
360 60 90
360 72 180
360 90 120
360 120 180
360 180 120
360 360 180
361 19 1
361 361 19
362 2 181
362 181 2
362 362 181
363 3 121
363 11 3
363 33 121
363 121 33
363 363 121
364 2 91
364 4 182
364 7 52
364 13 28
364 14 91
364 26 91
364 28 182
364 52 182
364 91 52
364 182 91
364 364 182
365 5 73
365 73 5
365 365 73
366 2 183
366 3 122
366 6 183
366 61 6
366 122 183
366 183 122
366 366 183
367 367 1
368 2 23
368 4 46
368 8 92
368 16 184
368 23 16
368 46 23
368 92 46
368 184 92
368 368 184
369 3 41
369 9 123
369 41 9
369 123 41
369 369 123
370 2 185
370 5 74
370 10 185
370 37 10
370 74 185
370 185 74
370 370 185
371 7 53
371 53 7
371 371 53
372 2 93
372 3 124
372 4 186
372 6 124
372 12 186
372 31 12
372 62 93
372 93 124
372 124 186
372 186 124
372 372 186
373 373 1
374 2 187
374 11 34
374 17 22
374 22 187
374 34 187
374 187 34
374 374 187
375 3 125
375 5 3
375 15 125
375 25 15
375 75 125
375 125 75
375 375 125
376 2 47
376 4 94
376 8 188
376 47 8
376 94 47
376 188 94
376 376 188
377 13 29
377 29 13
377 377 29
378 2 189
378 3 14
378 6 189
378 7 54
378 9 42
378 14 189
378 18 189
378 21 54
378 27 126
378 42 189
378 54 189
378 63 54
378 126 189
378 189 126
378 378 189
379 379 1
380 2 95
380 4 190
380 5 76
380 10 95
380 19 20
380 20 190
380 38 95
380 76 190
380 95 76
380 190 95
380 380 190
381 3 127
381 127 3
381 381 127
382 2 191
382 191 2
382 382 191
383 383 1
384 2 3
384 3 128
384 4 6
384 6 128
384 8 12
384 12 128
384 16 24
384 24 128
384 32 48
384 48 128
384 64 96
384 96 128
384 128 192
384 192 128
384 384 192
385 5 77
385 7 55
385 11 35
385 35 77
385 55 77
385 77 55
385 385 77
386 2 193
386 193 2
386 386 193
387 3 43
387 9 129
387 43 9
387 129 43
387 387 129
388 2 97
388 4 194
388 97 4
388 194 97
388 388 194
389 389 1
390 2 195
390 3 130
390 5 78
390 6 195
390 10 195
390 13 30
390 15 130
390 26 195
390 30 195
390 39 130
390 65 78
390 78 195
390 130 195
390 195 130
390 390 195
391 17 23
391 23 17
391 391 23
392 2 49
392 4 98
392 7 8
392 8 196
392 14 49
392 28 98
392 49 56
392 56 196
392 98 56
392 196 98
392 392 196
393 3 131
393 131 3
393 393 131
394 2 197
394 197 2
394 394 197
395 5 79
395 79 5
395 395 79
396 2 99
396 3 44
396 4 198
396 6 99
396 9 132
396 11 36
396 12 198
396 18 132
396 22 99
396 33 44
396 36 198
396 44 198
396 66 99
396 99 132
396 132 198
396 198 132
396 396 198
397 397 1
398 2 199
398 199 2
398 398 199
399 3 133
399 7 57
399 19 21
399 21 133
399 57 133
399 133 57
399 399 133
400 2 25
400 4 50
400 5 16
400 8 100
400 10 25
400 16 200
400 20 50
400 25 80
400 40 100
400 50 80
400 80 200
400 100 80
400 200 100
400 400 200
401 401 1
402 2 201
402 3 134
402 6 201
402 67 6
402 134 201
402 201 134
402 402 201
403 13 31
403 31 13
403 403 31
404 2 101
404 4 202
404 101 4
404 202 101
404 404 202
405 3 5
405 5 81
405 9 15
405 15 81
405 27 45
405 45 81
405 81 135
405 135 81
405 405 135
406 2 203
406 7 58
406 14 203
406 29 14
406 58 203
406 203 58
406 406 203
407 11 37
407 37 11
407 407 37
408 2 51
408 3 136
408 4 102
408 6 136
408 8 204
408 12 136
408 17 24
408 24 204
408 34 51
408 51 136
408 68 102
408 102 136
408 136 204
408 204 136
408 408 204
409 409 1
410 2 205
410 5 82
410 10 205
410 41 10
410 82 205
410 205 82
410 410 205
411 3 137
411 137 3
411 411 137
412 2 103
412 4 206
412 103 4
412 206 103
412 412 206
413 7 59
413 59 7
413 413 59
414 2 207
414 3 46
414 6 207
414 9 138
414 18 207
414 23 18
414 46 207
414 69 46
414 138 207
414 207 138
414 414 207
415 5 83
415 83 5
415 415 83
416 2 13
416 4 26
416 8 52
416 13 32
416 16 104
416 26 32
416 32 208
416 52 32
416 104 52
416 208 104
416 416 208
417 3 139
417 139 3
417 417 139
418 2 209
418 11 38
418 19 22
418 22 209
418 38 209
418 209 38
418 418 209
419 419 1
420 2 105
420 3 140
420 4 210
420 5 84
420 6 140
420 7 60
420 10 105
420 12 210
420 14 105
420 15 140
420 20 210
420 21 140
420 28 210
420 30 140
420 35 84
420 42 140
420 60 210
420 70 105
420 84 210
420 105 140
420 140 210
420 210 140
420 420 210
421 421 1
422 2 211
422 211 2
422 422 211
423 3 47
423 9 141
423 47 9
423 141 47
423 423 141
424 2 53
424 4 106
424 8 212
424 53 8
424 106 53
424 212 106
424 424 212
425 5 17
425 17 25
425 25 85
425 85 25
425 425 85
426 2 213
426 3 142
426 6 213
426 71 6
426 142 213
426 213 142
426 426 213
427 7 61
427 61 7
427 427 61
428 2 107
428 4 214
428 107 4
428 214 107
428 428 214
429 3 143
429 11 39
429 13 33
429 33 143
429 39 143
429 143 39
429 429 143
430 2 215
430 5 86
430 10 215
430 43 10
430 86 215
430 215 86
430 430 215
431 431 1
432 2 27
432 3 16
432 4 54
432 6 27
432 8 108
432 9 48
432 12 54
432 16 216
432 18 48
432 24 108
432 27 144
432 36 54
432 48 216
432 54 144
432 72 108
432 108 144
432 144 216
432 216 144
432 432 216
433 433 1
434 2 217
434 7 62
434 14 217
434 31 14
434 62 217
434 217 62
434 434 217
435 3 145
435 5 87
435 15 145
435 29 15
435 87 145
435 145 87
435 435 145
436 2 109
436 4 218
436 109 4
436 218 109
436 436 218
437 19 23
437 23 19
437 437 23
438 2 219
438 3 146
438 6 219
438 73 6
438 146 219
438 219 146
438 438 219
439 439 1
440 2 55
440 4 110
440 5 88
440 8 220
440 10 88
440 11 40
440 20 110
440 22 55
440 40 220
440 44 110
440 55 88
440 88 220
440 110 88
440 220 110
440 440 220
441 3 49
441 7 9
441 9 147
441 21 49
441 49 63
441 63 147
441 147 63
441 441 147
442 2 221
442 13 34
442 17 26
442 26 221
442 34 221
442 221 34
442 442 221
443 443 1
444 2 111
444 3 148
444 4 222
444 6 148
444 12 222
444 37 12
444 74 111
444 111 148
444 148 222
444 222 148
444 444 222
445 5 89
445 89 5
445 445 89
446 2 223
446 223 2
446 446 223
447 3 149
447 149 3
447 447 149
448 2 7
448 4 14
448 7 64
448 8 28
448 14 64
448 16 56
448 28 64
448 32 112
448 56 64
448 64 224
448 112 64
448 224 112
448 448 224
449 449 1
450 2 225
450 3 50
450 5 18
450 6 225
450 9 150
450 10 225
450 15 50
450 18 225
450 25 90
450 30 225
450 45 150
450 50 225
450 75 90
450 90 225
450 150 225
450 225 150
450 450 225
451 11 41
451 41 11
451 451 41
452 2 113
452 4 226
452 113 4
452 226 113
452 452 226
453 3 151
453 151 3
453 453 151
454 2 227
454 227 2
454 454 227
455 5 91
455 7 65
455 13 35
455 35 91
455 65 91
455 91 65
455 455 91
456 2 57
456 3 152
456 4 114
456 6 152
456 8 228
456 12 152
456 19 24
456 24 228
456 38 57
456 57 152
456 76 114
456 114 152
456 152 228
456 228 152
456 456 228
457 457 1
458 2 229
458 229 2
458 458 229
459 3 17
459 9 51
459 17 27
459 27 153
459 51 27
459 153 51
459 459 153
460 2 115
460 4 230
460 5 92
460 10 115
460 20 230
460 23 20
460 46 115
460 92 230
460 115 92
460 230 115
460 460 230
461 461 1
462 2 231
462 3 154
462 6 231
462 7 66
462 11 42
462 14 231
462 21 154
462 22 231
462 33 154
462 42 231
462 66 231
462 77 66
462 154 231
462 231 154
462 462 231
463 463 1
464 2 29
464 4 58
464 8 116
464 16 232
464 29 16
464 58 29
464 116 58
464 232 116
464 464 232
465 3 155
465 5 93
465 15 155
465 31 15
465 93 155
465 155 93
465 465 155
466 2 233
466 233 2
466 466 233
467 467 1
468 2 117
468 3 52
468 4 234
468 6 117
468 9 156
468 12 234
468 13 36
468 18 156
468 26 117
468 36 234
468 39 52
468 52 234
468 78 117
468 117 156
468 156 234
468 234 156
468 468 234
469 7 67
469 67 7
469 469 67
470 2 235
470 5 94
470 10 235
470 47 10
470 94 235
470 235 94
470 470 235
471 3 157
471 157 3
471 471 157
472 2 59
472 4 118
472 8 236
472 59 8
472 118 59
472 236 118
472 472 236
473 11 43
473 43 11
473 473 43
474 2 237
474 3 158
474 6 237
474 79 6
474 158 237
474 237 158
474 474 237
475 5 19
475 19 25
475 25 95
475 95 25
475 475 95
476 2 119
476 4 238
476 7 68
476 14 119
476 17 28
476 28 238
476 34 119
476 68 238
476 119 68
476 238 119
476 476 238
477 3 53
477 9 159
477 53 9
477 159 53
477 477 159
478 2 239
478 239 2
478 478 239
479 479 1
480 2 15
480 3 160
480 4 30
480 5 96
480 6 160
480 8 60
480 10 96
480 12 160
480 15 160
480 16 120
480 20 96
480 24 160
480 30 160
480 32 240
480 40 96
480 48 160
480 60 160
480 80 120
480 96 240
480 120 160
480 160 240
480 240 160
480 480 240
481 13 37
481 37 13
481 481 37
482 2 241
482 241 2
482 482 241
483 3 161
483 7 69
483 21 161
483 23 21
483 69 161
483 161 69
483 483 161
484 2 121
484 4 242
484 11 4
484 22 121
484 44 242
484 121 44
484 242 121
484 484 242
485 5 97
485 97 5
485 485 97
486 2 243
486 3 2
486 6 243
486 9 6
486 18 243
486 27 18
486 54 243
486 81 54
486 162 243
486 243 162
486 486 243
487 487 1
488 2 61
488 4 122
488 8 244
488 61 8
488 122 61
488 244 122
488 488 244
489 3 163
489 163 3
489 489 163
490 2 245
490 5 98
490 7 10
490 10 245
490 14 245
490 35 98
490 49 70
490 70 245
490 98 245
490 245 98
490 490 245
491 491 1
492 2 123
492 3 164
492 4 246
492 6 164
492 12 246
492 41 12
492 82 123
492 123 164
492 164 246
492 246 164
492 492 246
493 17 29
493 29 17
493 493 29
494 2 247
494 13 38
494 19 26
494 26 247
494 38 247
494 247 38
494 494 247
495 3 55
495 5 99
495 9 165
495 11 45
495 15 99
495 33 55
495 45 165
495 55 99
495 99 165
495 165 99
495 495 165
496 2 31
496 4 62
496 8 124
496 16 248
496 31 16
496 62 31
496 124 62
496 248 124
496 496 248
497 7 71
497 71 7
497 497 71
498 2 249
498 3 166
498 6 249
498 83 6
498 166 249
498 249 166
498 498 249
499 499 1
500 2 125
500 4 250
500 5 4
500 10 125
500 20 250
500 25 20
500 50 125
500 100 250
500 125 100
500 250 125
500 500 250
501 3 167
501 167 3
501 501 167
502 2 251
502 251 2
502 502 251
503 503 1
504 2 63
504 3 56
504 4 126
504 6 63
504 7 72
504 8 252
504 9 168
504 12 126
504 14 72
504 18 168
504 21 72
504 24 252
504 28 126
504 36 168
504 42 72
504 56 252
504 63 168
504 72 252
504 84 126
504 126 168
504 168 252
504 252 168
504 504 252
505 5 101
505 101 5
505 505 101
506 2 253
506 11 46
506 22 253
506 23 22
506 46 253
506 253 46
506 506 253
507 3 169
507 13 3
507 39 169
507 169 39
507 507 169
508 2 127
508 4 254
508 127 4
508 254 127
508 508 254
509 509 1
510 2 255
510 3 170
510 5 102
510 6 255
510 10 255
510 15 170
510 17 30
510 30 255
510 34 255
510 51 170
510 85 102
510 102 255
510 170 255
510 255 170
510 510 255
511 7 73
511 73 7
511 511 73
512 2 1
512 4 2
512 8 4
512 16 8
512 32 16
512 64 32
512 128 64
512 256 128
512 512 256
513 3 19
513 9 57
513 19 27
513 27 171
513 57 27
513 171 57
513 513 171
514 2 257
514 257 2
514 514 257
515 5 103
515 103 5
515 515 103
516 2 129
516 3 172
516 4 258
516 6 172
516 12 258
516 43 12
516 86 129
516 129 172
516 172 258
516 258 172
516 516 258
517 11 47
517 47 11
517 517 47
518 2 259
518 7 74
518 14 259
518 37 14
518 74 259
518 259 74
518 518 259
519 3 173
519 173 3
519 519 173
520 2 65
520 4 130
520 5 104
520 8 260
520 10 104
520 13 40
520 20 130
520 26 65
520 40 260
520 52 130
520 65 104
520 104 260
520 130 104
520 260 130
520 520 260
521 521 1
522 2 261
522 3 58
522 6 261
522 9 174
522 18 261
522 29 18
522 58 261
522 87 58
522 174 261
522 261 174
522 522 261
523 523 1
524 2 131
524 4 262
524 131 4
524 262 131
524 524 262
525 3 175
525 5 21
525 7 75
525 15 175
525 21 175
525 25 105
525 35 75
525 75 175
525 105 175
525 175 105
525 525 175
526 2 263
526 263 2
526 526 263
527 17 31
527 31 17
527 527 31
528 2 33
528 3 176
528 4 66
528 6 176
528 8 132
528 11 48
528 12 176
528 16 264
528 22 48
528 24 176
528 33 176
528 44 66
528 48 264
528 66 176
528 88 132
528 132 176
528 176 264
528 264 176
528 528 264
529 23 1
529 529 23
530 2 265
530 5 106
530 10 265
530 53 10
530 106 265
530 265 106
530 530 265
531 3 59
531 9 177
531 59 9
531 177 59
531 531 177
532 2 133
532 4 266
532 7 76
532 14 133
532 19 28
532 28 266
532 38 133
532 76 266
532 133 76
532 266 133
532 532 266
533 13 41
533 41 13
533 533 41
534 2 267
534 3 178
534 6 267
534 89 6
534 178 267
534 267 178
534 534 267
535 5 107
535 107 5
535 535 107
536 2 67
536 4 134
536 8 268
536 67 8
536 134 67
536 268 134
536 536 268
537 3 179
537 179 3
537 537 179
538 2 269
538 269 2
538 538 269
539 7 11
539 11 49
539 49 77
539 77 49
539 539 77
540 2 135
540 3 20
540 4 270
540 5 108
540 6 135
540 9 60
540 10 135
540 12 270
540 15 108
540 18 135
540 20 270
540 27 180
540 30 135
540 36 270
540 45 108
540 54 180
540 60 270
540 90 135
540 108 270
540 135 180
540 180 270
540 270 180
540 540 270
541 541 1
542 2 271
542 271 2
542 542 271
543 3 181
543 181 3
543 543 181
544 2 17
544 4 34
544 8 68
544 16 136
544 17 32
544 32 272
544 34 32
544 68 34
544 136 68
544 272 136
544 544 272
545 5 109
545 109 5
545 545 109
546 2 273
546 3 182
546 6 273
546 7 78
546 13 42
546 14 273
546 21 182
546 26 273
546 39 182
546 42 273
546 78 273
546 91 78
546 182 273
546 273 182
546 546 273
547 547 1
548 2 137
548 4 274
548 137 4
548 274 137
548 548 274
549 3 61
549 9 183
549 61 9
549 183 61
549 549 183
550 2 275
550 5 22
550 10 275
550 11 50
550 22 275
550 25 110
550 50 275
550 55 50
550 110 275
550 275 110
550 550 275
551 19 29
551 29 19
551 551 29
552 2 69
552 3 184
552 4 138
552 6 184
552 8 276
552 12 184
552 23 24
552 24 276
552 46 69
552 69 184
552 92 138
552 138 184
552 184 276
552 276 184
552 552 276
553 7 79
553 79 7
553 553 79
554 2 277
554 277 2
554 554 277
555 3 185
555 5 111
555 15 185
555 37 15
555 111 185
555 185 111
555 555 185
556 2 139
556 4 278
556 139 4
556 278 139
556 556 278
557 557 1
558 2 279
558 3 62
558 6 279
558 9 186
558 18 279
558 31 18
558 62 279
558 93 62
558 186 279
558 279 186
558 558 279
559 13 43
559 43 13
559 559 43
560 2 35
560 4 70
560 5 112
560 7 80
560 8 140
560 10 112
560 14 80
560 16 280
560 20 112
560 28 80
560 35 112
560 40 140
560 56 140
560 70 112
560 80 280
560 112 280
560 140 112
560 280 140
560 560 280
561 3 187
561 11 51
561 17 33
561 33 187
561 51 187
561 187 51
561 561 187
562 2 281
562 281 2
562 562 281
563 563 1
564 2 141
564 3 188
564 4 282
564 6 188
564 12 282
564 47 12
564 94 141
564 141 188
564 188 282
564 282 188
564 564 282
565 5 113
565 113 5
565 565 113
566 2 283
566 283 2
566 566 283
567 3 7
567 7 81
567 9 21
567 21 81
567 27 63
567 63 81
567 81 189
567 189 81
567 567 189
568 2 71
568 4 142
568 8 284
568 71 8
568 142 71
568 284 142
568 568 284
569 569 1
570 2 285
570 3 190
570 5 114
570 6 285
570 10 285
570 15 190
570 19 30
570 30 285
570 38 285
570 57 190
570 95 114
570 114 285
570 190 285
570 285 190
570 570 285
571 571 1
572 2 143
572 4 286
572 11 52
572 13 44
572 22 143
572 26 143
572 44 286
572 52 286
572 143 52
572 286 143
572 572 286
573 3 191
573 191 3
573 573 191
574 2 287
574 7 82
574 14 287
574 41 14
574 82 287
574 287 82
574 574 287
575 5 23
575 23 25
575 25 115
575 115 25
575 575 115
576 2 9
576 3 64
576 4 18
576 6 64
576 8 36
576 9 192
576 12 64
576 16 72
576 18 192
576 24 64
576 32 144
576 36 192
576 48 72
576 64 288
576 72 192
576 96 144
576 144 192
576 192 288
576 288 192
576 576 288
577 577 1
578 2 289
578 17 2
578 34 289
578 289 34
578 578 289
579 3 193
579 193 3
579 579 193
580 2 145
580 4 290
580 5 116
580 10 145
580 20 290
580 29 20
580 58 145
580 116 290
580 145 116
580 290 145
580 580 290
581 7 83
581 83 7
581 581 83
582 2 291
582 3 194
582 6 291
582 97 6
582 194 291
582 291 194
582 582 291
583 11 53
583 53 11
583 583 53
584 2 73
584 4 146
584 8 292
584 73 8
584 146 73
584 292 146
584 584 292
585 3 65
585 5 117
585 9 195
585 13 45
585 15 117
585 39 65
585 45 195
585 65 117
585 117 195
585 195 117
585 585 195
586 2 293
586 293 2
586 586 293
587 587 1
588 2 147
588 3 196
588 4 294
588 6 196
588 7 12
588 12 294
588 14 147
588 21 196
588 28 294
588 42 196
588 49 84
588 84 294
588 98 147
588 147 196
588 196 294
588 294 196
588 588 294
589 19 31
589 31 19
589 589 31
590 2 295
590 5 118
590 10 295
590 59 10
590 118 295
590 295 118
590 590 295
591 3 197
591 197 3
591 591 197
592 2 37
592 4 74
592 8 148
592 16 296
592 37 16
592 74 37
592 148 74
592 296 148
592 592 296
593 593 1
594 2 297
594 3 22
594 6 297
594 9 66
594 11 54
594 18 297
594 22 297
594 27 198
594 33 54
594 54 297
594 66 297
594 99 66
594 198 297
594 297 198
594 594 297
595 5 119
595 7 85
595 17 35
595 35 119
595 85 119
595 119 85
595 595 119
596 2 149
596 4 298
596 149 4
596 298 149
596 596 298
597 3 199
597 199 3
597 597 199
598 2 299
598 13 46
598 23 26
598 26 299
598 46 299
598 299 46
598 598 299
599 599 1
600 2 75
600 3 200
600 4 150
600 5 24
600 6 200
600 8 300
600 10 75
600 12 200
600 15 200
600 20 150
600 24 300
600 25 120
600 30 200
600 40 300
600 50 120
600 60 200
600 75 200
600 100 150
600 120 300
600 150 200
600 200 300
600 300 200
600 600 300
601 601 1
602 2 301
602 7 86
602 14 301
602 43 14
602 86 301
602 301 86
602 602 301
603 3 67
603 9 201
603 67 9
603 201 67
603 603 201
604 2 151
604 4 302
604 151 4
604 302 151
604 604 302
605 5 121
605 11 5
605 55 121
605 121 55
605 605 121
606 2 303
606 3 202
606 6 303
606 101 6
606 202 303
606 303 202
606 606 303
607 607 1
608 2 19
608 4 38
608 8 76
608 16 152
608 19 32
608 32 304
608 38 32
608 76 38
608 152 76
608 304 152
608 608 304
609 3 203
609 7 87
609 21 203
609 29 21
609 87 203
609 203 87
609 609 203
610 2 305
610 5 122
610 10 305
610 61 10
610 122 305
610 305 122
610 610 305
611 13 47
611 47 13
611 611 47
612 2 153
612 3 68
612 4 306
612 6 153
612 9 204
612 12 306
612 17 36
612 18 204
612 34 153
612 36 306
612 51 68
612 68 306
612 102 153
612 153 204
612 204 306
612 306 204
612 612 306
613 613 1
614 2 307
614 307 2
614 614 307
615 3 205
615 5 123
615 15 205
615 41 15
615 123 205
615 205 123
615 615 205
616 2 77
616 4 154
616 7 88
616 8 308
616 11 56
616 14 88
616 22 77
616 28 154
616 44 154
616 56 308
616 77 88
616 88 308
616 154 88
616 308 154
616 616 308
617 617 1
618 2 309
618 3 206
618 6 309
618 103 6
618 206 309
618 309 206
618 618 309
619 619 1
620 2 155
620 4 310
620 5 124
620 10 155
620 20 310
620 31 20
620 62 155
620 124 310
620 155 124
620 310 155
620 620 310
621 3 23
621 9 69
621 23 27
621 27 207
621 69 27
621 207 69
621 621 207
622 2 311
622 311 2
622 622 311
623 7 89
623 89 7
623 623 89
624 2 39
624 3 208
624 4 78
624 6 208
624 8 156
624 12 208
624 13 48
624 16 312
624 24 208
624 26 48
624 39 208
624 48 312
624 52 78
624 78 208
624 104 156
624 156 208
624 208 312
624 312 208
624 624 312
625 5 1
625 25 5
625 125 25
625 625 125
626 2 313
626 313 2
626 626 313
627 3 209
627 11 57
627 19 33
627 33 209
627 57 209
627 209 57
627 627 209
628 2 157
628 4 314
628 157 4
628 314 157
628 628 314
629 17 37
629 37 17
629 629 37
630 2 315
630 3 70
630 5 126
630 6 315
630 7 90
630 9 210
630 10 315
630 14 315
630 15 126
630 18 315
630 21 90
630 30 315
630 35 126
630 42 315
630 45 210
630 63 210
630 70 315
630 90 315
630 105 126
630 126 315
630 210 315
630 315 210
630 630 315
631 631 1
632 2 79
632 4 158
632 8 316
632 79 8
632 158 79
632 316 158
632 632 316
633 3 211
633 211 3
633 633 211
634 2 317
634 317 2
634 634 317
635 5 127
635 127 5
635 635 127
636 2 159
636 3 212
636 4 318
636 6 212
636 12 318
636 53 12
636 106 159
636 159 212
636 212 318
636 318 212
636 636 318
637 7 13
637 13 49
637 49 91
637 91 49
637 637 91
638 2 319
638 11 58
638 22 319
638 29 22
638 58 319
638 319 58
638 638 319
639 3 71
639 9 213
639 71 9
639 213 71
639 639 213
640 2 5
640 4 10
640 5 128
640 8 20
640 10 128
640 16 40
640 20 128
640 32 80
640 40 128
640 64 160
640 80 128
640 128 320
640 160 128
640 320 160
640 640 320
641 641 1
642 2 321
642 3 214
642 6 321
642 107 6
642 214 321
642 321 214
642 642 321
643 643 1
644 2 161
644 4 322
644 7 92
644 14 161
644 23 28
644 28 322
644 46 161
644 92 322
644 161 92
644 322 161
644 644 322
645 3 215
645 5 129
645 15 215
645 43 15
645 129 215
645 215 129
645 645 215
646 2 323
646 17 38
646 19 34
646 34 323
646 38 323
646 323 38
646 646 323
647 647 1
648 2 81
648 3 8
648 4 162
648 6 81
648 8 324
648 9 24
648 12 162
648 18 81
648 24 324
648 27 72
648 36 162
648 54 81
648 72 324
648 81 216
648 108 162
648 162 216
648 216 324
648 324 216
648 648 324
649 11 59
649 59 11
649 649 59
650 2 325
650 5 26
650 10 325
650 13 50
650 25 130
650 26 325
650 50 325
650 65 50
650 130 325
650 325 130
650 650 325
651 3 217
651 7 93
651 21 217
651 31 21
651 93 217
651 217 93
651 651 217
652 2 163
652 4 326
652 163 4
652 326 163
652 652 326
653 653 1
654 2 327
654 3 218
654 6 327
654 109 6
654 218 327
654 327 218
654 654 327
655 5 131
655 131 5
655 655 131
656 2 41
656 4 82
656 8 164
656 16 328
656 41 16
656 82 41
656 164 82
656 328 164
656 656 328
657 3 73
657 9 219
657 73 9
657 219 73
657 657 219
658 2 329
658 7 94
658 14 329
658 47 14
658 94 329
658 329 94
658 658 329
659 659 1
660 2 165
660 3 220
660 4 330
660 5 132
660 6 220
660 10 165
660 11 60
660 12 330
660 15 220
660 20 330
660 22 165
660 30 220
660 33 220
660 44 330
660 55 132
660 60 330
660 66 220
660 110 165
660 132 330
660 165 220
660 220 330
660 330 220
660 660 330
661 661 1
662 2 331
662 331 2
662 662 331
663 3 221
663 13 51
663 17 39
663 39 221
663 51 221
663 221 51
663 663 221
664 2 83
664 4 166
664 8 332
664 83 8
664 166 83
664 332 166
664 664 332
665 5 133
665 7 95
665 19 35
665 35 133
665 95 133
665 133 95
665 665 133
666 2 333
666 3 74
666 6 333
666 9 222
666 18 333
666 37 18
666 74 333
666 111 74
666 222 333
666 333 222
666 666 333
667 23 29
667 29 23
667 667 29
668 2 167
668 4 334
668 167 4
668 334 167
668 668 334
669 3 223
669 223 3
669 669 223
670 2 335
670 5 134
670 10 335
670 67 10
670 134 335
670 335 134
670 670 335
671 11 61
671 61 11
671 671 61
672 2 21
672 3 224
672 4 42
672 6 224
672 7 96
672 8 84
672 12 224
672 14 96
672 16 168
672 21 224
672 24 224
672 28 96
672 32 336
672 42 224
672 48 224
672 56 96
672 84 224
672 96 336
672 112 168
672 168 224
672 224 336
672 336 224
672 672 336
673 673 1
674 2 337
674 337 2
674 674 337
675 3 25
675 5 27
675 9 75
675 15 27
675 25 135
675 27 225
675 45 75
675 75 135
675 135 225
675 225 135
675 675 225
676 2 169
676 4 338
676 13 4
676 26 169
676 52 338
676 169 52
676 338 169
676 676 338
677 677 1
678 2 339
678 3 226
678 6 339
678 113 6
678 226 339
678 339 226
678 678 339
679 7 97
679 97 7
679 679 97
680 2 85
680 4 170
680 5 136
680 8 340
680 10 136
680 17 40
680 20 170
680 34 85
680 40 340
680 68 170
680 85 136
680 136 340
680 170 136
680 340 170
680 680 340
681 3 227
681 227 3
681 681 227
682 2 341
682 11 62
682 22 341
682 31 22
682 62 341
682 341 62
682 682 341
683 683 1
684 2 171
684 3 76
684 4 342
684 6 171
684 9 228
684 12 342
684 18 228
684 19 36
684 36 342
684 38 171
684 57 76
684 76 342
684 114 171
684 171 228
684 228 342
684 342 228
684 684 342
685 5 137
685 137 5
685 685 137
686 2 343
686 7 2
686 14 343
686 49 14
686 98 343
686 343 98
686 686 343
687 3 229
687 229 3
687 687 229
688 2 43
688 4 86
688 8 172
688 16 344
688 43 16
688 86 43
688 172 86
688 344 172
688 688 344
689 13 53
689 53 13
689 689 53
690 2 345
690 3 230
690 5 138
690 6 345
690 10 345
690 15 230
690 23 30
690 30 345
690 46 345
690 69 230
690 115 138
690 138 345
690 230 345
690 345 230
690 690 345
691 691 1
692 2 173
692 4 346
692 173 4
692 346 173
692 692 346
693 3 77
693 7 99
693 9 231
693 11 63
693 21 99
693 33 77
693 63 231
693 77 99
693 99 231
693 231 99
693 693 231
694 2 347
694 347 2
694 694 347
695 5 139
695 139 5
695 695 139
696 2 87
696 3 232
696 4 174
696 6 232
696 8 348
696 12 232
696 24 348
696 29 24
696 58 87
696 87 232
696 116 174
696 174 232
696 232 348
696 348 232
696 696 348
697 17 41
697 41 17
697 697 41
698 2 349
698 349 2
698 698 349
699 3 233
699 233 3
699 699 233
700 2 175
700 4 350
700 5 28
700 7 100
700 10 175
700 14 175
700 20 350
700 25 140
700 28 350
700 35 100
700 50 175
700 70 175
700 100 350
700 140 350
700 175 140
700 350 175
700 700 350
701 701 1
702 2 351
702 3 26
702 6 351
702 9 78
702 13 54
702 18 351
702 26 351
702 27 234
702 39 54
702 54 351
702 78 351
702 117 78
702 234 351
702 351 234
702 702 351
703 19 37
703 37 19
703 703 37
704 2 11
704 4 22
704 8 44
704 11 64
704 16 88
704 22 64
704 32 176
704 44 64
704 64 352
704 88 64
704 176 88
704 352 176
704 704 352
705 3 235
705 5 141
705 15 235
705 47 15
705 141 235
705 235 141
705 705 235
706 2 353
706 353 2
706 706 353
707 7 101
707 101 7
707 707 101
708 2 177
708 3 236
708 4 354
708 6 236
708 12 354
708 59 12
708 118 177
708 177 236
708 236 354
708 354 236
708 708 354
709 709 1
710 2 355
710 5 142
710 10 355
710 71 10
710 142 355
710 355 142
710 710 355
711 3 79
711 9 237
711 79 9
711 237 79
711 711 237
712 2 89
712 4 178
712 8 356
712 89 8
712 178 89
712 356 178
712 712 356
713 23 31
713 31 23
713 713 31
714 2 357
714 3 238
714 6 357
714 7 102
714 14 357
714 17 42
714 21 238
714 34 357
714 42 357
714 51 238
714 102 357
714 119 102
714 238 357
714 357 238
714 714 357
715 5 143
715 11 65
715 13 55
715 55 143
715 65 143
715 143 65
715 715 143
716 2 179
716 4 358
716 179 4
716 358 179
716 716 358
717 3 239
717 239 3
717 717 239
718 2 359
718 359 2
718 718 359
719 719 1
720 2 45
720 3 80
720 4 90
720 5 144
720 6 80
720 8 180
720 9 240
720 10 144
720 12 90
720 15 144
720 16 360
720 18 240
720 20 144
720 24 180
720 30 144
720 36 240
720 40 180
720 45 240
720 48 360
720 60 144
720 72 240
720 80 360
720 90 240
720 120 180
720 144 360
720 180 240
720 240 360
720 360 240
720 720 360
721 7 103
721 103 7
721 721 103
722 2 361
722 19 2
722 38 361
722 361 38
722 722 361
723 3 241
723 241 3
723 723 241
724 2 181
724 4 362
724 181 4
724 362 181
724 724 362
725 5 29
725 25 145
725 29 25
725 145 29
725 725 145
726 2 363
726 3 242
726 6 363
726 11 6
726 22 363
726 33 242
726 66 363
726 121 66
726 242 363
726 363 242
726 726 363
727 727 1
728 2 91
728 4 182
728 7 104
728 8 364
728 13 56
728 14 104
728 26 91
728 28 182
728 52 182
728 56 364
728 91 104
728 104 364
728 182 104
728 364 182
728 728 364
729 3 1
729 9 3
729 27 9
729 81 27
729 243 81
729 729 243
730 2 365
730 5 146
730 10 365
730 73 10
730 146 365
730 365 146
730 730 365
731 17 43
731 43 17
731 731 43
732 2 183
732 3 244
732 4 366
732 6 244
732 12 366
732 61 12
732 122 183
732 183 244
732 244 366
732 366 244
732 732 366
733 733 1
734 2 367
734 367 2
734 734 367
735 3 245
735 5 147
735 7 15
735 15 245
735 21 245
735 35 147
735 49 105
735 105 245
735 147 245
735 245 147
735 735 245
736 2 23
736 4 46
736 8 92
736 16 184
736 23 32
736 32 368
736 46 32
736 92 46
736 184 92
736 368 184
736 736 368
737 11 67
737 67 11
737 737 67
738 2 369
738 3 82
738 6 369
738 9 246
738 18 369
738 41 18
738 82 369
738 123 82
738 246 369
738 369 246
738 738 369
739 739 1
740 2 185
740 4 370
740 5 148
740 10 185
740 20 370
740 37 20
740 74 185
740 148 370
740 185 148
740 370 185
740 740 370
741 3 247
741 13 57
741 19 39
741 39 247
741 57 247
741 247 57
741 741 247
742 2 371
742 7 106
742 14 371
742 53 14
742 106 371
742 371 106
742 742 371
743 743 1
744 2 93
744 3 248
744 4 186
744 6 248
744 8 372
744 12 248
744 24 372
744 31 24
744 62 93
744 93 248
744 124 186
744 186 248
744 248 372
744 372 248
744 744 372
745 5 149
745 149 5
745 745 149
746 2 373
746 373 2
746 746 373
747 3 83
747 9 249
747 83 9
747 249 83
747 747 249
748 2 187
748 4 374
748 11 68
748 17 44
748 22 187
748 34 187
748 44 374
748 68 374
748 187 68
748 374 187
748 748 374
749 7 107
749 107 7
749 749 107
750 2 375
750 3 250
750 5 6
750 6 375
750 10 375
750 15 250
750 25 30
750 30 375
750 50 375
750 75 250
750 125 150
750 150 375
750 250 375
750 375 250
750 750 375
751 751 1
752 2 47
752 4 94
752 8 188
752 16 376
752 47 16
752 94 47
752 188 94
752 376 188
752 752 376
753 3 251
753 251 3
753 753 251
754 2 377
754 13 58
754 26 377
754 29 26
754 58 377
754 377 58
754 754 377
755 5 151
755 151 5
755 755 151
756 2 189
756 3 28
756 4 378
756 6 189
756 7 108
756 9 84
756 12 378
756 14 189
756 18 189
756 21 108
756 27 252
756 28 378
756 36 378
756 42 189
756 54 252
756 63 108
756 84 378
756 108 378
756 126 189
756 189 252
756 252 378
756 378 252
756 756 378
757 757 1
758 2 379
758 379 2
758 758 379
759 3 253
759 11 69
759 23 33
759 33 253
759 69 253
759 253 69
759 759 253
760 2 95
760 4 190
760 5 152
760 8 380
760 10 152
760 19 40
760 20 190
760 38 95
760 40 380
760 76 190
760 95 152
760 152 380
760 190 152
760 380 190
760 760 380
761 761 1
762 2 381
762 3 254
762 6 381
762 127 6
762 254 381
762 381 254
762 762 381
763 7 109
763 109 7
763 763 109
764 2 191
764 4 382
764 191 4
764 382 191
764 764 382
765 3 85
765 5 153
765 9 255
765 15 153
765 17 45
765 45 255
765 51 85
765 85 153
765 153 255
765 255 153
765 765 255
766 2 383
766 383 2
766 766 383
767 13 59
767 59 13
767 767 59
768 2 3
768 3 256
768 4 6
768 6 256
768 8 12
768 12 256
768 16 24
768 24 256
768 32 48
768 48 256
768 64 96
768 96 256
768 128 192
768 192 256
768 256 384
768 384 256
768 768 384
769 769 1
770 2 385
770 5 154
770 7 110
770 10 385
770 11 70
770 14 385
770 22 385
770 35 154
770 55 154
770 70 385
770 77 110
770 110 385
770 154 385
770 385 154
770 770 385
771 3 257
771 257 3
771 771 257
772 2 193
772 4 386
772 193 4
772 386 193
772 772 386
773 773 1
774 2 387
774 3 86
774 6 387
774 9 258
774 18 387
774 43 18
774 86 387
774 129 86
774 258 387
774 387 258
774 774 387
775 5 31
775 25 155
775 31 25
775 155 31
775 775 155
776 2 97
776 4 194
776 8 388
776 97 8
776 194 97
776 388 194
776 776 388
777 3 259
777 7 111
777 21 259
777 37 21
777 111 259
777 259 111
777 777 259
778 2 389
778 389 2
778 778 389
779 19 41
779 41 19
779 779 41
780 2 195
780 3 260
780 4 390
780 5 156
780 6 260
780 10 195
780 12 390
780 13 60
780 15 260
780 20 390
780 26 195
780 30 260
780 39 260
780 52 390
780 60 390
780 65 156
780 78 260
780 130 195
780 156 390
780 195 260
780 260 390
780 390 260
780 780 390
781 11 71
781 71 11
781 781 71
782 2 391
782 17 46
782 23 34
782 34 391
782 46 391
782 391 46
782 782 391
783 3 29
783 9 87
783 27 261
783 29 27
783 87 29
783 261 87
783 783 261
784 2 49
784 4 98
784 7 16
784 8 196
784 14 49
784 16 392
784 28 98
784 49 112
784 56 196
784 98 112
784 112 392
784 196 112
784 392 196
784 784 392
785 5 157
785 157 5
785 785 157
786 2 393
786 3 262
786 6 393
786 131 6
786 262 393
786 393 262
786 786 393
787 787 1
788 2 197
788 4 394
788 197 4
788 394 197
788 788 394
789 3 263
789 263 3
789 789 263
790 2 395
790 5 158
790 10 395
790 79 10
790 158 395
790 395 158
790 790 395
791 7 113
791 113 7
791 791 113
792 2 99
792 3 88
792 4 198
792 6 99
792 8 396
792 9 264
792 11 72
792 12 198
792 18 264
792 22 99
792 24 396
792 33 88
792 36 264
792 44 198
792 66 99
792 72 396
792 88 396
792 99 264
792 132 198
792 198 264
792 264 396
792 396 264
792 792 396
793 13 61
793 61 13
793 793 61
794 2 397
794 397 2
794 794 397
795 3 265
795 5 159
795 15 265
795 53 15
795 159 265
795 265 159
795 795 265
796 2 199
796 4 398
796 199 4
796 398 199
796 796 398
797 797 1
798 2 399
798 3 266
798 6 399
798 7 114
798 14 399
798 19 42
798 21 266
798 38 399
798 42 399
798 57 266
798 114 399
798 133 114
798 266 399
798 399 266
798 798 399
799 17 47
799 47 17
799 799 47
800 2 25
800 4 50
800 5 32
800 8 100
800 10 32
800 16 200
800 20 50
800 25 160
800 32 400
800 40 100
800 50 160
800 80 200
800 100 160
800 160 400
800 200 160
800 400 200
800 800 400
801 3 89
801 9 267
801 89 9
801 267 89
801 801 267
802 2 401
802 401 2
802 802 401
803 11 73
803 73 11
803 803 73
804 2 201
804 3 268
804 4 402
804 6 268
804 12 402
804 67 12
804 134 201
804 201 268
804 268 402
804 402 268
804 804 402
805 5 161
805 7 115
805 23 35
805 35 161
805 115 161
805 161 115
805 805 161
806 2 403
806 13 62
806 26 403
806 31 26
806 62 403
806 403 62
806 806 403
807 3 269
807 269 3
807 807 269
808 2 101
808 4 202
808 8 404
808 101 8
808 202 101
808 404 202
808 808 404
809 809 1
810 2 405
810 3 10
810 5 162
810 6 405
810 9 30
810 10 405
810 15 162
810 18 405
810 27 90
810 30 405
810 45 162
810 54 405
810 81 270
810 90 405
810 135 162
810 162 405
810 270 405
810 405 270
810 810 405
811 811 1
812 2 203
812 4 406
812 7 116
812 14 203
812 28 406
812 29 28
812 58 203
812 116 406
812 203 116
812 406 203
812 812 406
813 3 271
813 271 3
813 813 271
814 2 407
814 11 74
814 22 407
814 37 22
814 74 407
814 407 74
814 814 407
815 5 163
815 163 5
815 815 163
816 2 51
816 3 272
816 4 102
816 6 272
816 8 204
816 12 272
816 16 408
816 17 48
816 24 272
816 34 51
816 48 408
816 51 272
816 68 102
816 102 272
816 136 204
816 204 272
816 272 408
816 408 272
816 816 408
817 19 43
817 43 19
817 817 43
818 2 409
818 409 2
818 818 409
819 3 91
819 7 117
819 9 273
819 13 63
819 21 117
819 39 91
819 63 273
819 91 117
819 117 273
819 273 117
819 819 273
820 2 205
820 4 410
820 5 164
820 10 205
820 20 410
820 41 20
820 82 205
820 164 410
820 205 164
820 410 205
820 820 410
821 821 1
822 2 411
822 3 274
822 6 411
822 137 6
822 274 411
822 411 274
822 822 411
823 823 1
824 2 103
824 4 206
824 8 412
824 103 8
824 206 103
824 412 206
824 824 412
825 3 275
825 5 33
825 11 75
825 15 275
825 25 165
825 33 275
825 55 75
825 75 275
825 165 275
825 275 165
825 825 275
826 2 413
826 7 118
826 14 413
826 59 14
826 118 413
826 413 118
826 826 413
827 827 1
828 2 207
828 3 92
828 4 414
828 6 207
828 9 276
828 12 414
828 18 276
828 23 36
828 36 414
828 46 207
828 69 92
828 92 414
828 138 207
828 207 276
828 276 414
828 414 276
828 828 414
829 829 1
830 2 415
830 5 166
830 10 415
830 83 10
830 166 415
830 415 166
830 830 415
831 3 277
831 277 3
831 831 277
832 2 13
832 4 26
832 8 52
832 13 64
832 16 104
832 26 64
832 32 208
832 52 64
832 64 416
832 104 64
832 208 104
832 416 208
832 832 416
833 7 17
833 17 49
833 49 119
833 119 49
833 833 119
834 2 417
834 3 278
834 6 417
834 139 6
834 278 417
834 417 278
834 834 417
835 5 167
835 167 5
835 835 167
836 2 209
836 4 418
836 11 76
836 19 44
836 22 209
836 38 209
836 44 418
836 76 418
836 209 76
836 418 209
836 836 418
837 3 31
837 9 93
837 27 279
837 31 27
837 93 31
837 279 93
837 837 279
838 2 419
838 419 2
838 838 419
839 839 1
840 2 105
840 3 280
840 4 210
840 5 168
840 6 280
840 7 120
840 8 420
840 10 168
840 12 280
840 14 120
840 15 280
840 20 210
840 21 280
840 24 420
840 28 210
840 30 280
840 35 168
840 40 420
840 42 280
840 56 420
840 60 280
840 70 168
840 84 280
840 105 280
840 120 420
840 140 210
840 168 420
840 210 280
840 280 420
840 420 280
840 840 420
841 29 1
841 841 29
842 2 421
842 421 2
842 842 421
843 3 281
843 281 3
843 843 281
844 2 211
844 4 422
844 211 4
844 422 211
844 844 422
845 5 169
845 13 5
845 65 169
845 169 65
845 845 169
846 2 423
846 3 94
846 6 423
846 9 282
846 18 423
846 47 18
846 94 423
846 141 94
846 282 423
846 423 282
846 846 423
847 7 121
847 11 7
847 77 121
847 121 77
847 847 121
848 2 53
848 4 106
848 8 212
848 16 424
848 53 16
848 106 53
848 212 106
848 424 212
848 848 424
849 3 283
849 283 3
849 849 283
850 2 425
850 5 34
850 10 425
850 17 50
850 25 170
850 34 425
850 50 425
850 85 50
850 170 425
850 425 170
850 850 425
851 23 37
851 37 23
851 851 37
852 2 213
852 3 284
852 4 426
852 6 284
852 12 426
852 71 12
852 142 213
852 213 284
852 284 426
852 426 284
852 852 426
853 853 1
854 2 427
854 7 122
854 14 427
854 61 14
854 122 427
854 427 122
854 854 427
855 3 95
855 5 171
855 9 285
855 15 171
855 19 45
855 45 285
855 57 95
855 95 171
855 171 285
855 285 171
855 855 285
856 2 107
856 4 214
856 8 428
856 107 8
856 214 107
856 428 214
856 856 428
857 857 1
858 2 429
858 3 286
858 6 429
858 11 78
858 13 66
858 22 429
858 26 429
858 33 286
858 39 286
858 66 429
858 78 429
858 143 78
858 286 429
858 429 286
858 858 429
859 859 1
860 2 215
860 4 430
860 5 172
860 10 215
860 20 430
860 43 20
860 86 215
860 172 430
860 215 172
860 430 215
860 860 430
861 3 287
861 7 123
861 21 287
861 41 21
861 123 287
861 287 123
861 861 287
862 2 431
862 431 2
862 862 431
863 863 1
864 2 27
864 3 32
864 4 54
864 6 32
864 8 108
864 9 96
864 12 54
864 16 216
864 18 96
864 24 108
864 27 288
864 32 432
864 36 96
864 48 216
864 54 288
864 72 108
864 96 432
864 108 288
864 144 216
864 216 288
864 288 432
864 432 288
864 864 432
865 5 173
865 173 5
865 865 173
866 2 433
866 433 2
866 866 433
867 3 289
867 17 3
867 51 289
867 289 51
867 867 289
868 2 217
868 4 434
868 7 124
868 14 217
868 28 434
868 31 28
868 62 217
868 124 434
868 217 124
868 434 217
868 868 434
869 11 79
869 79 11
869 869 79
870 2 435
870 3 290
870 5 174
870 6 435
870 10 435
870 15 290
870 29 30
870 30 435
870 58 435
870 87 290
870 145 174
870 174 435
870 290 435
870 435 290
870 870 435
871 13 67
871 67 13
871 871 67
872 2 109
872 4 218
872 8 436
872 109 8
872 218 109
872 436 218
872 872 436
873 3 97
873 9 291
873 97 9
873 291 97
873 873 291
874 2 437
874 19 46
874 23 38
874 38 437
874 46 437
874 437 46
874 874 437
875 5 7
875 7 125
875 25 35
875 35 125
875 125 175
875 175 125
875 875 175
876 2 219
876 3 292
876 4 438
876 6 292
876 12 438
876 73 12
876 146 219
876 219 292
876 292 438
876 438 292
876 876 438
877 877 1
878 2 439
878 439 2
878 878 439
879 3 293
879 293 3
879 879 293
880 2 55
880 4 110
880 5 176
880 8 220
880 10 176
880 11 80
880 16 440
880 20 176
880 22 80
880 40 220
880 44 110
880 55 176
880 80 440
880 88 220
880 110 176
880 176 440
880 220 176
880 440 220
880 880 440
881 881 1
882 2 441
882 3 98
882 6 441
882 7 18
882 9 294
882 14 441
882 18 441
882 21 98
882 42 441
882 49 126
882 63 294
882 98 441
882 126 441
882 147 126
882 294 441
882 441 294
882 882 441
883 883 1
884 2 221
884 4 442
884 13 68
884 17 52
884 26 221
884 34 221
884 52 442
884 68 442
884 221 68
884 442 221
884 884 442
885 3 295
885 5 177
885 15 295
885 59 15
885 177 295
885 295 177
885 885 295
886 2 443
886 443 2
886 886 443
887 887 1
888 2 111
888 3 296
888 4 222
888 6 296
888 8 444
888 12 296
888 24 444
888 37 24
888 74 111
888 111 296
888 148 222
888 222 296
888 296 444
888 444 296
888 888 444
889 7 127
889 127 7
889 889 127
890 2 445
890 5 178
890 10 445
890 89 10
890 178 445
890 445 178
890 890 445
891 3 11
891 9 33
891 11 81
891 27 99
891 33 81
891 81 297
891 99 81
891 297 99
891 891 297
892 2 223
892 4 446
892 223 4
892 446 223
892 892 446
893 19 47
893 47 19
893 893 47
894 2 447
894 3 298
894 6 447
894 149 6
894 298 447
894 447 298
894 894 447
895 5 179
895 179 5
895 895 179
896 2 7
896 4 14
896 7 128
896 8 28
896 14 128
896 16 56
896 28 128
896 32 112
896 56 128
896 64 224
896 112 128
896 128 448
896 224 128
896 448 224
896 896 448
897 3 299
897 13 69
897 23 39
897 39 299
897 69 299
897 299 69
897 897 299
898 2 449
898 449 2
898 898 449
899 29 31
899 31 29
899 899 31
900 2 225
900 3 100
900 4 450
900 5 36
900 6 225
900 9 300
900 10 225
900 12 450
900 15 100
900 18 300
900 20 450
900 25 180
900 30 225
900 36 450
900 45 300
900 50 225
900 60 450
900 75 180
900 90 300
900 100 450
900 150 225
900 180 450
900 225 300
900 300 450
900 450 300
900 900 450
901 17 53
901 53 17
901 901 53
902 2 451
902 11 82
902 22 451
902 41 22
902 82 451
902 451 82
902 902 451
903 3 301
903 7 129
903 21 301
903 43 21
903 129 301
903 301 129
903 903 301
904 2 113
904 4 226
904 8 452
904 113 8
904 226 113
904 452 226
904 904 452
905 5 181
905 181 5
905 905 181
906 2 453
906 3 302
906 6 453
906 151 6
906 302 453
906 453 302
906 906 453
907 907 1
908 2 227
908 4 454
908 227 4
908 454 227
908 908 454
909 3 101
909 9 303
909 101 9
909 303 101
909 909 303
910 2 455
910 5 182
910 7 130
910 10 455
910 13 70
910 14 455
910 26 455
910 35 182
910 65 182
910 70 455
910 91 130
910 130 455
910 182 455
910 455 182
910 910 455
911 911 1
912 2 57
912 3 304
912 4 114
912 6 304
912 8 228
912 12 304
912 16 456
912 19 48
912 24 304
912 38 57
912 48 456
912 57 304
912 76 114
912 114 304
912 152 228
912 228 304
912 304 456
912 456 304
912 912 456
913 11 83
913 83 11
913 913 83
914 2 457
914 457 2
914 914 457
915 3 305
915 5 183
915 15 305
915 61 15
915 183 305
915 305 183
915 915 305
916 2 229
916 4 458
916 229 4
916 458 229
916 916 458
917 7 131
917 131 7
917 917 131
918 2 459
918 3 34
918 6 459
918 9 102
918 17 54
918 18 459
918 27 306
918 34 459
918 51 54
918 54 459
918 102 459
918 153 102
918 306 459
918 459 306
918 918 459
919 919 1
920 2 115
920 4 230
920 5 184
920 8 460
920 10 184
920 20 230
920 23 40
920 40 460
920 46 115
920 92 230
920 115 184
920 184 460
920 230 184
920 460 230
920 920 460
921 3 307
921 307 3
921 921 307
922 2 461
922 461 2
922 922 461
923 13 71
923 71 13
923 923 71
924 2 231
924 3 308
924 4 462
924 6 308
924 7 132
924 11 84
924 12 462
924 14 231
924 21 308
924 22 231
924 28 462
924 33 308
924 42 308
924 44 462
924 66 308
924 77 132
924 84 462
924 132 462
924 154 231
924 231 308
924 308 462
924 462 308
924 924 462
925 5 37
925 25 185
925 37 25
925 185 37
925 925 185
926 2 463
926 463 2
926 926 463
927 3 103
927 9 309
927 103 9
927 309 103
927 927 309
928 2 29
928 4 58
928 8 116
928 16 232
928 29 32
928 32 464
928 58 32
928 116 58
928 232 116
928 464 232
928 928 464
929 929 1
930 2 465
930 3 310
930 5 186
930 6 465
930 10 465
930 15 310
930 30 465
930 31 30
930 62 465
930 93 310
930 155 186
930 186 465
930 310 465
930 465 310
930 930 465
931 7 19
931 19 49
931 49 133
931 133 49
931 931 133
932 2 233
932 4 466
932 233 4
932 466 233
932 932 466
933 3 311
933 311 3
933 933 311
934 2 467
934 467 2
934 934 467
935 5 187
935 11 85
935 17 55
935 55 187
935 85 187
935 187 85
935 935 187
936 2 117
936 3 104
936 4 234
936 6 117
936 8 468
936 9 312
936 12 234
936 13 72
936 18 312
936 24 468
936 26 117
936 36 312
936 39 104
936 52 234
936 72 468
936 78 117
936 104 468
936 117 312
936 156 234
936 234 312
936 312 468
936 468 312
936 936 468
937 937 1
938 2 469
938 7 134
938 14 469
938 67 14
938 134 469
938 469 134
938 938 469
939 3 313
939 313 3
939 939 313
940 2 235
940 4 470
940 5 188
940 10 235
940 20 470
940 47 20
940 94 235
940 188 470
940 235 188
940 470 235
940 940 470
941 941 1
942 2 471
942 3 314
942 6 471
942 157 6
942 314 471
942 471 314
942 942 471
943 23 41
943 41 23
943 943 41
944 2 59
944 4 118
944 8 236
944 16 472
944 59 16
944 118 59
944 236 118
944 472 236
944 944 472
945 3 35
945 5 189
945 7 135
945 9 105
945 15 189
945 21 135
945 27 315
945 35 189
945 45 189
945 63 135
945 105 189
945 135 315
945 189 315
945 315 189
945 945 315
946 2 473
946 11 86
946 22 473
946 43 22
946 86 473
946 473 86
946 946 473
947 947 1
948 2 237
948 3 316
948 4 474
948 6 316
948 12 474
948 79 12
948 158 237
948 237 316
948 316 474
948 474 316
948 948 474
949 13 73
949 73 13
949 949 73
950 2 475
950 5 38
950 10 475
950 19 50
950 25 190
950 38 475
950 50 475
950 95 50
950 190 475
950 475 190
950 950 475
951 3 317
951 317 3
951 951 317
952 2 119
952 4 238
952 7 136
952 8 476
952 14 136
952 17 56
952 28 238
952 34 119
952 56 476
952 68 238
952 119 136
952 136 476
952 238 136
952 476 238
952 952 476
953 953 1
954 2 477
954 3 106
954 6 477
954 9 318
954 18 477
954 53 18
954 106 477
954 159 106
954 318 477
954 477 318
954 954 477
955 5 191
955 191 5
955 955 191
956 2 239
956 4 478
956 239 4
956 478 239
956 956 478
957 3 319
957 11 87
957 29 33
957 33 319
957 87 319
957 319 87
957 957 319
958 2 479
958 479 2
958 958 479
959 7 137
959 137 7
959 959 137
960 2 15
960 3 320
960 4 30
960 5 192
960 6 320
960 8 60
960 10 192
960 12 320
960 15 320
960 16 120
960 20 192
960 24 320
960 30 320
960 32 240
960 40 192
960 48 320
960 60 320
960 64 480
960 80 192
960 96 320
960 120 320
960 160 240
960 192 480
960 240 320
960 320 480
960 480 320
960 960 480
961 31 1
961 961 31
962 2 481
962 13 74
962 26 481
962 37 26
962 74 481
962 481 74
962 962 481
963 3 107
963 9 321
963 107 9
963 321 107
963 963 321
964 2 241
964 4 482
964 241 4
964 482 241
964 964 482
965 5 193
965 193 5
965 965 193
966 2 483
966 3 322
966 6 483
966 7 138
966 14 483
966 21 322
966 23 42
966 42 483
966 46 483
966 69 322
966 138 483
966 161 138
966 322 483
966 483 322
966 966 483
967 967 1
968 2 121
968 4 242
968 8 484
968 11 8
968 22 121
968 44 242
968 88 484
968 121 88
968 242 121
968 484 242
968 968 484
969 3 323
969 17 57
969 19 51
969 51 323
969 57 323
969 323 57
969 969 323
970 2 485
970 5 194
970 10 485
970 97 10
970 194 485
970 485 194
970 970 485
971 971 1
972 2 243
972 3 4
972 4 486
972 6 243
972 9 12
972 12 486
972 18 243
972 27 36
972 36 486
972 54 243
972 81 108
972 108 486
972 162 243
972 243 324
972 324 486
972 486 324
972 972 486
973 7 139
973 139 7
973 973 139
974 2 487
974 487 2
974 974 487
975 3 325
975 5 39
975 13 75
975 15 325
975 25 195
975 39 325
975 65 75
975 75 325
975 195 325
975 325 195
975 975 325
976 2 61
976 4 122
976 8 244
976 16 488
976 61 16
976 122 61
976 244 122
976 488 244
976 976 488
977 977 1
978 2 489
978 3 326
978 6 489
978 163 6
978 326 489
978 489 326
978 978 489
979 11 89
979 89 11
979 979 89
980 2 245
980 4 490
980 5 196
980 7 20
980 10 245
980 14 245
980 20 490
980 28 490
980 35 196
980 49 140
980 70 245
980 98 245
980 140 490
980 196 490
980 245 196
980 490 245
980 980 490
981 3 109
981 9 327
981 109 9
981 327 109
981 981 327
982 2 491
982 491 2
982 982 491
983 983 1
984 2 123
984 3 328
984 4 246
984 6 328
984 8 492
984 12 328
984 24 492
984 41 24
984 82 123
984 123 328
984 164 246
984 246 328
984 328 492
984 492 328
984 984 492
985 5 197
985 197 5
985 985 197
986 2 493
986 17 58
986 29 34
986 34 493
986 58 493
986 493 58
986 986 493
987 3 329
987 7 141
987 21 329
987 47 21
987 141 329
987 329 141
987 987 329
988 2 247
988 4 494
988 13 76
988 19 52
988 26 247
988 38 247
988 52 494
988 76 494
988 247 76
988 494 247
988 988 494
989 23 43
989 43 23
989 989 43
990 2 495
990 3 110
990 5 198
990 6 495
990 9 330
990 10 495
990 11 90
990 15 198
990 18 495
990 22 495
990 30 495
990 33 110
990 45 330
990 55 198
990 66 495
990 90 495
990 99 330
990 110 495
990 165 198
990 198 495
990 330 495
990 495 330
990 990 495
991 991 1
992 2 31
992 4 62
992 8 124
992 16 248
992 31 32
992 32 496
992 62 32
992 124 62
992 248 124
992 496 248
992 992 496
993 3 331
993 331 3
993 993 331
994 2 497
994 7 142
994 14 497
994 71 14
994 142 497
994 497 142
994 994 497
995 5 199
995 199 5
995 995 199
996 2 249
996 3 332
996 4 498
996 6 332
996 12 498
996 83 12
996 166 249
996 249 332
996 332 498
996 498 332
996 996 498
997 997 1
998 2 499
998 499 2
998 998 499
999 3 37
999 9 111
999 27 333
999 37 27
999 111 37
999 333 111
999 999 333
1000 2 125
1000 4 250
1000 5 8
1000 8 500
1000 10 125
1000 20 250
1000 25 40
1000 40 500
1000 50 125
1000 100 250
1000 125 200
1000 200 500
1000 250 200
1000 500 250
1000 1000 500
